Date	Air temperature	Underground temperature	Fuel temperature (start of day)	Fuel volume (start of day)	Amount of sales	Supplier name	Driver name	Refill volume	Refill temperature	Fuel temperature (end of day)	Fuel volume (end of day)
2000-1-1	-0.7272210810553585	10.029540289059062	10.029540289059062	816.8140899333463	0.5269988472542607	 	 	0.0	-0.7272210810553585	10.029540289059062	816.287091086092	
2000-1-2	-0.05175177857463383	9.989650541370564	10.024957851588956	816.287091086092	0.8181464774493232	 	 	0.0	-0.05175177857463383	10.024957851588956	815.4689446086427	
2000-1-3	1.0979520596522512	9.949166521076839	10.016242086507521	815.4689446086427	0.9564738685701208	 	 	0.0	1.0979520596522512	10.016242086507521	814.5124707400726	
2000-1-4	1.1630288711746093	9.90810015900449	10.003791035869108	814.5124707400726	0.8156346526019909	 	 	0.0	1.1630288711746093	10.003791035869108	813.6968360874706	
2000-1-5	0.6874060986166027	9.866463557598909	9.987963405752584	813.6968360874707	0.5764214347265224	 	 	0.0	0.6874060986166027	9.987963405752584	813.1204146527443	
2000-1-6	0.7989764837459165	9.824268987357645	9.969083283992587	813.1204146527443	0.7067448294299638	 	 	0.0	0.7989764837459165	9.969083283992587	812.4136698233143	
2000-1-7	0.21868534026755426	9.78152888321421	9.947432088834816	812.4136698233142	0.8549371794295557	 	 	0.0	0.21868534026755426	9.947432088834816	811.5587326438846	
2000-1-8	-2.5668117282401273	9.73825584087348	9.923258997933571	811.5587326438846	0.7209702313946942	 	 	0.0	-2.5668117282401273	9.923258997933571	810.8377624124898	
2000-1-9	0.8361747531530251	9.694462613099649	9.896794794607036	810.8377624124897	0.5339897205470522	 	 	0.0	0.8361747531530251	9.896794794607036	810.3037726919428	
2000-1-10	-1.2935500678137322	9.65016210595795	9.86824880202728	810.3037726919429	0.6246207842961198	 	 	0.0	-1.2935500678137322	9.86824880202728	809.6791519076467	
2000-1-11	1.3924300960561595	9.605367375011175	9.837798680575897	809.6791519076467	0.7891982973339836	 	 	0.0	1.3924300960561595	9.837798680575897	808.8899536103128	
2000-1-12	-1.191530769742864	9.56009162147214	9.805599713387815	808.8899536103127	0.8746798662763272	 	 	0.0	-1.191530769742864	9.805599713387815	808.0152737440361	
2000-1-13	1.9788582961753456	9.514348188313226	9.77179349985992	808.0152737440362	0.659342132080253	 	 	0.0	1.9788582961753456	9.77179349985992	807.3559316119561	
2000-1-14	1.9510190348946994	9.468150556334143	9.736520365895123	807.3559316119561	0.9050140209560091	 	 	0.0	1.9510190348946994	9.736520365895123	806.450917591	
2000-1-15	2.1059404200696954	9.421512340189084	9.699885698483023	806.450917591	0.868530504922386	 	 	0.0	2.1059404200696954	9.699885698483023	805.5823870860777	
2000-1-16	-1.028364264115188	9.374447284374412	9.661997086448055	805.5823870860777	0.900024067336182	 	 	0.0	-1.028364264115188	9.661997086448055	804.6823630187414	
2000-1-17	-1.7839269582545025	9.3269692591781	9.622948291345397	804.6823630187413	0.6014946664080367	 	 	0.0	-1.7839269582545025	9.622948291345397	804.0808683523331	
2000-1-18	-2.8800518961109898	9.279092256592095	9.582841078420666	804.0808683523333	0.9347383219434736	 	 	0.0	-2.8800518961109898	9.582841078420666	803.1461300303898	
2000-1-19	-2.440798619313313	9.230830386188815	9.541734814108139	803.1461300303897	0.5190880119785745	 	 	0.0	-2.440798619313313	9.541734814108139	802.6270420184111	
2000-1-20	1.8955798078427308	9.182197870962986	9.499723329921833	802.6270420184112	0.817153072139891	 	 	0.0	1.8955798078427308	9.499723329921833	801.8098889462713	
2000-1-21	0.8601968291121853	9.133209043140063	9.45685312939756	801.8098889462713	0.6844756017398199	 	 	0.0	0.8601968291121853	9.45685312939756	801.1254133445316	
2000-1-22	1.761527753624322	9.083878339952463	9.413190549312015	801.1254133445316	0.7142784851992643	 	 	0.0	1.761527753624322	9.413190549312015	800.4111348593323	
2000-1-23	-1.8818381644847648	9.034220299384843	9.36878705588006	800.4111348593323	0.7361450891519556	 	 	0.0	-1.8818381644847648	9.36878705588006	799.6749897701804	
2000-1-24	-2.217998043141697	8.984249555889683	9.323690310310566	799.6749897701804	0.6041196306747478	 	 	0.0	-2.217998043141697	9.323690310310566	799.0708701395057	
2000-1-25	-2.2789899549951267	8.933980836074456	9.27795334812766	799.0708701395058	0.6000803172797043	 	 	0.0	-2.2789899549951267	9.27795334812766	798.4707898222262	
2000-1-26	2.0572958679820212	8.883428954361621	9.231617434069385	798.4707898222259	0.8932945407027276	 	 	0.0	2.0572958679820212	9.231617434069385	797.5774952815232	
2000-1-27	-1.5872249529962137	8.832608808622751	9.18470263809239	797.577495281523	0.7963194950947581	 	 	0.0	-1.5872249529962137	9.18470263809239	796.7811757864282	
2000-1-28	-3.6826022980158726	8.781535375788053	9.13725203206944	796.7811757864283	0.6160579521007501	 	 	0.0	-3.6826022980158726	9.13725203206944	796.1651178343276	
2000-1-29	-2.6817762687250255	8.730223707432613	9.089310939925218	796.1651178343276	0.6135966200706481	 	 	0.0	-2.6817762687250255	9.089310939925218	795.5515212142569	
2000-1-30	0.25130536835927536	8.678688925340609	9.040910316572921	795.5515212142569	0.8723684677264609	 	 	0.0	0.25130536835927536	9.040910316572921	794.6791527465305	
2000-1-31	-1.126539273403529	8.626946217048868	8.992062617227752	794.6791527465306	0.5065777078015273	 	 	0.0	-1.126539273403529	8.992062617227752	794.1725750387291	
2000-2-1	3.514135746328954	8.575010831371017	8.942820563263542	794.1725750387291	0.5278273689641795	 	 	0.0	3.514135746328954	8.942820563263542	793.6447476697649	
2000-2-2	-1.2134148354352308	8.5228980739036	8.89320794373808	793.6447476697649	0.8029015564666082	 	 	0.0	-1.2134148354352308	8.89320794373808	792.8418461132982	
2000-2-3	0.954138913480084	8.470623302515433	8.843230909761008	792.8418461132982	0.8396613629448657	 	 	0.0	0.954138913480084	8.843230909761008	792.0021847503534	
2000-2-4	0.6684229020123712	8.418201922821584	8.792912099668383	792.0021847503534	0.9891826521641143	 	 	0.0	0.6684229020123712	8.792912099668383	791.0130020981892	
2000-2-5	1.834557923693816	8.365649383643262	8.74226580263246	791.0130020981892	0.5635637006938811	 	 	0.0	1.834557923693816	8.74226580263246	790.4494383974953	
2000-2-6	-1.141550170630493	8.312981172454975	8.691344920973307	790.4494383974953	0.9065063965641195	 	 	0.0	-1.141550170630493	8.691344920973307	789.5429320009312	
2000-2-7	-0.31440520000529776	8.260212810820304	8.640146644883913	789.5429320009312	0.6546054744369538	 	 	0.0	-0.31440520000529776	8.640146644883913	788.8883265264943	
2000-2-8	0.31582549232919765	8.207359849817626	8.588710382791783	788.8883265264943	0.8147331185219013	 	 	0.0	0.31582549232919765	8.588710382791783	788.0735934079723	
2000-2-9	-1.5787169761647242	8.154437865457142	8.537044924623405	788.0735934079723	0.8903507348411299	 	 	0.0	-1.5787169761647242	8.537044924623405	787.183242673131	
2000-2-10	-0.4398023587148379	8.101462454090552	8.485165551777461	787.1832426731308	0.5519274339132861	 	 	0.0	-0.4398023587148379	8.485165551777461	786.6313152392177	
2000-2-11	-1.718884474495158	8.04844922781474	8.433116121833809	786.6313152392177	0.799837807749133	 	 	0.0	-1.718884474495158	8.433116121833809	785.8314774314686	
2000-2-12	0.4742236261049316	7.995413809870816	8.380896891922207	785.8314774314686	0.9990570344758987	 	 	0.0	0.4742236261049316	8.380896891922207	784.8324203969926	
2000-2-13	1.1978413315389045	7.942371830039879	8.328513171420056	784.8324203969926	0.6826190269181989	 	 	0.0	1.1978413315389045	8.328513171420056	784.1498013700743	
2000-2-14	-0.6058312838797034	7.889338920036845	8.276007384976516	784.1498013700743	0.9721859483863761	 	 	0.0	-0.6058312838797034	8.276007384976516	783.177615421688	
2000-2-15	-0.8659588596209922	7.83633070890371	8.22337662355456	783.177615421688	0.6972890994449193	 	 	0.0	-0.8659588596209922	8.22337662355456	782.4803263222431	
2000-2-16	-0.29497809990283846	7.7833628184036	8.17065969036471	782.4803263222431	0.9739593169348186	 	 	0.0	-0.29497809990283846	8.17065969036471	781.5063670053082	
2000-2-17	1.0453829151894027	7.730450858416965	8.117854004263206	781.5063670053082	0.5088985133734467	 	 	0.0	1.0453829151894027	8.117854004263206	780.9974684919349	
2000-2-18	-1.0620489083709483	7.677610422341276	8.065011397443062	780.9974684919347	0.7952913681781193	 	 	0.0	-1.0620489083709483	8.065011397443062	780.2021771237565	
2000-2-19	-1.6030373805763487	7.624857082495579	8.012126497596592	780.2021771237565	0.5246737217562611	 	 	0.0	-1.6030373805763487	8.012126497596592	779.6775034020003	
2000-2-20	3.010077487375254	7.5722063855312625	7.959235782781506	779.6775034020004	0.6266881203877167	 	 	0.0	3.010077487375254	7.959235782781506	779.0508152816126	
2000-2-21	0.895944474439573	7.519673847850384	7.906346940589707	779.0508152816128	0.8531961312816144	 	 	0.0	0.895944474439573	7.906346940589707	778.1976191503311	
2000-2-22	-1.1863274791996912	7.467274951032921	7.853459799114452	778.1976191503312	0.6092376728215604	 	 	0.0	-1.1863274791996912	7.853459799114452	777.5883814775096	
2000-2-23	2.0746917251701382	7.415025137274273	7.800609411510571	777.5883814775098	0.7745834529374653	 	 	0.0	2.0746917251701382	7.800609411510572	776.8137980245724	
2000-2-24	1.9531981041254607	7.362939804834379	7.747799522854911	776.8137980245724	0.8784717824691821	 	 	0.0	1.9531981041254607	7.747799522854912	775.9353262421032	
2000-2-25	-1.2343369629101697	7.311034303499778	7.695039671402533	775.9353262421032	0.759538945514888	 	 	0.0	-1.2343369629101697	7.695039671402533	775.1757872965884	
2000-2-26	-1.4641196379890324	7.2593239300599555	7.642355931295192	775.1757872965884	0.7633436503182417	 	 	0.0	-1.4641196379890324	7.642355931295192	774.4124436462702	
2000-2-27	-0.8981911469509712	7.207823923799314	7.589764418073101	774.4124436462702	0.6699697551088262	 	 	0.0	-0.8981911469509712	7.589764418073102	773.7424738911611	
2000-2-28	-1.8440438212187533	7.15654946200608	7.537288051620572	773.7424738911611	0.538591710226238	 	 	0.0	-1.8440438212187533	7.537288051620571	773.2038821809349	
2000-2-29	-0.5474609575382866	7.10551565549949	7.484951501226546	773.2038821809349	0.780118130815788	 	 	0.0	-0.5474609575382866	7.484951501226546	772.4237640501191	
2000-3-1	7.718561608820665	7.0547375441765645	7.43275198816685	772.423764050119	0.7656934211032876	 	 	0.0	7.718561608820665	7.43275198816685	771.6580706290157	
2000-3-2	6.329633295974784	7.004230092579781	7.380707014266509	771.6580706290158	0.6870064517570795	 	 	0.0	6.329633295974784	7.38070701426651	770.9710641772589	
2000-3-3	5.634677825084597	6.954008185486948	7.3288383122154785	770.9710641772589	0.8271951390614888	 	 	0.0	5.634677825084597	7.3288383122154785	770.1438690381973	
2000-3-4	6.7668815236115565	6.904086623524605	7.277151462208625	770.1438690381973	0.6149885066863179	 	 	0.0	6.7668815236115565	7.277151462208625	769.528880531511	
2000-3-5	5.103479543495831	6.8544801188061975	7.2256778633673315	769.528880531511	0.675984609989975	 	 	0.0	5.103479543495831	7.2256778633673315	768.8528959215209	
2000-3-6	7.168991911942448	6.805203290596357	7.17442778052005	768.8528959215209	0.8391566934215897	 	 	0.0	7.168991911942448	7.17442778052005	768.0137392280993	
2000-3-7	4.27480298382676	6.756270661002537	7.123405002286594	768.0137392280994	0.5074147006031773	 	 	0.0	4.27480298382676	7.123405002286594	767.5063245274963	
2000-3-8	4.888249242873129	6.707696650695276	7.072648927067566	767.5063245274965	0.554422691429158	 	 	0.0	4.888249242873129	7.072648927067566	766.9519018360672	
2000-3-9	4.582281057806218	6.659495574658362	7.022169626297774	766.9519018360672	0.5732671107698851	 	 	0.0	4.582281057806218	7.022169626297774	766.3786347252974	
2000-3-10	6.059086327871067	6.611681637970145	6.971979673621322	766.3786347252974	0.5447249541974294	 	 	0.0	6.059086327871067	6.971979673621322	765.8339097711	
2000-3-11	5.135002400028601	6.564268931617232	6.922095096303313	765.8339097711	0.5053500392163123	 	 	0.0	5.135002400028601	6.922095096303313	765.3285597318837	
2000-3-12	5.214862087570233	6.517271428341803	6.872532398866852	765.3285597318836	0.5737888272148892	 	 	0.0	5.214862087570233	6.872532398866853	764.7547709046687	
2000-3-13	6.8150866289254575	6.470702978523793	6.82330050331925	764.7547709046687	0.9988562843912558	 	 	0.0	6.8150866289254575	6.82330050331925	763.7559146202774	
2000-3-14	3.0802206826221745	6.424577306099107	6.77438522314152	763.7559146202774	0.8342571915320918	 	 	0.0	3.0802206826221745	6.77438522314152	762.9216574287454	
2000-3-15	3.806637122368954	6.378908004515125	6.7258154631328875	762.9216574287454	0.7250802301129331	 	 	0.0	3.806637122368954	6.7258154631328875	762.1965771986326	
2000-3-16	5.417368039257965	6.333708532724643	6.677614435855906	762.1965771986326	0.6852152025241742	 	 	0.0	5.417368039257965	6.677614435855905	761.5113619961082	
2000-3-17	5.047448419566721	6.288992211219461	6.629799498532158	761.5113619961083	0.7361301390589964	 	 	0.0	5.047448419566721	6.629799498532158	760.7752318570493	
2000-3-18	6.767780737871909	6.244772218104771	6.58238157559583	760.7752318570493	0.8538589086286861	 	 	0.0	6.767780737871909	6.58238157559583	759.9213729484205	
2000-3-19	4.854456711711704	6.201061585215513	6.535367654063206	759.9213729484205	0.9851136107765509	 	 	0.0	4.854456711711704	6.535367654063206	758.9362593376441	
2000-3-20	7.815929971118866	6.157873194275826	6.488764801035565	758.9362593376441	0.9203244236615021	 	 	0.0	7.815929971118866	6.488764801035564	758.0159349139825	
2000-3-21	4.551953165877072	6.115219773102756	6.442593493905722	758.0159349139825	0.890970954075818	 	 	0.0	4.551953165877072	6.442593493905721	757.1249639599068	
2000-3-22	3.2678503052379337	6.0731138918552965	6.396870958718805	757.1249639599068	0.5858331950629897	 	 	0.0	3.2678503052379337	6.396870958718805	756.539130764844	
2000-3-23	6.863061786553476	6.031567959329917	6.3516310439110315	756.539130764844	0.6125454063077593	 	 	0.0	6.863061786553476	6.3516310439110315	755.9265853585363	
2000-3-24	7.855066404357895	5.990594219303626	6.306883904731447	755.9265853585363	0.603964689106276	 	 	0.0	7.855066404357895	6.306883904731448	755.3226206694299	
2000-3-25	6.493614886639595	5.9502047469256745	6.262642170649847	755.3226206694299	0.9792874817401849	 	 	0.0	6.493614886639595	6.262642170649846	754.3433331876896	
2000-3-26	5.764827951721467	5.91041144515896	6.218895174117335	754.3433331876896	0.9389977693875757	 	 	0.0	5.764827951721467	6.218895174117335	753.404335418302	
2000-3-27	4.669269182846292	5.871226041272163	6.175660664746159	753.404335418302	0.7316814350867653	 	 	0.0	4.669269182846292	6.175660664746159	752.6726539832152	
2000-3-28	3.659157945540508	5.832660083383665	6.132965491050974	752.672653983215	0.8801349177578516	 	 	0.0	3.659157945540508	6.132965491050974	751.7925190654572	
2000-3-29	5.33559807667647	5.794724937058273	6.0908133799415545	751.7925190654572	0.6113545241013423	 	 	0.0	5.33559807667647	6.0908133799415545	751.1811645413559	
2000-3-30	8.973205195557764	5.757431781957729	6.04923345462583	751.1811645413559	0.8576220173153164	 	 	0.0	8.973205195557764	6.04923345462583	750.3235425240406	
2000-3-31	6.189520566461081	5.7207916085460155	6.008222646388109	750.3235425240406	0.6749996394444715	 	 	0.0	6.189520566461081	6.00822264638811	749.648542884596	
2000-4-1	4.231951730609674	5.684815214850412	5.967804345317419	749.648542884596	0.7681953157480995	 	 	0.0	4.231951730609674	5.967804345317419	748.880347568848	
2000-4-2	8.140772573116456	5.649513203279271	5.927984652417304	748.8803475688483	0.8866328926380398	 	 	0.0	8.140772573116456	5.9279846524173045	747.9937146762101	
2000-4-3	5.3770447122609895	5.614895977497438	5.888769079058207	747.9937146762101	0.860132092503299	 	 	0.0	5.3770447122609895	5.888769079058207	747.1335825837068	
2000-4-4	3.440403739443207	5.58097373936024	5.850171862834946	747.1335825837067	0.7260593921740269	 	 	0.0	3.440403739443207	5.850171862834946	746.4075231915325	
2000-4-5	8.372139489619505	5.547756485906959	5.812212402804988	746.4075231915325	0.8599742443452917	 	 	0.0	8.372139489619505	5.812212402804987	745.5475489471871	
2000-4-6	5.25587549784458	5.5152540064146525	5.774894591373521	745.5475489471872	0.7772829171009495	 	 	0.0	5.25587549784458	5.774894591373521	744.7702660300863	
2000-4-7	4.026655924549384	5.483475879513211	5.738234547128205	744.7702660300863	0.9465642718424772	 	 	0.0	4.026655924549384	5.738234547128205	743.8237017582438	
2000-4-8	7.474619075553579	5.452431470362493	5.702234633266318	743.8237017582438	0.5763319083825612	 	 	0.0	7.474619075553579	5.702234633266318	743.2473698498612	
2000-4-9	7.066210457674312	5.422129927892366	5.666925332124399	743.2473698498612	0.6165268676262609	 	 	0.0	7.066210457674312	5.666925332124399	742.630842982235	
2000-4-10	10.339091393529133	5.39258018210648	5.632313441576831	742.630842982235	0.5837610919697029	 	 	0.0	10.339091393529133	5.632313441576831	742.0470818902654	
2000-4-11	7.9949265802674025	5.363790941450549	5.598409618595859	742.0470818902654	0.607203546068074	 	 	0.0	7.9949265802674025	5.598409618595859	741.4398783441974	
2000-4-12	6.026756784737169	5.335770690245937	5.565221547217313	741.4398783441974	0.9409132410467684	 	 	0.0	6.026756784737169	5.565221547217313	740.4989651031505	
2000-4-13	7.455970412494164	5.308527686189283	5.532742870142929	740.4989651031505	0.5870706330702451	 	 	0.0	7.455970412494164	5.532742870142929	739.9118944700803	
2000-4-14	3.87701551259338	5.282069957918927	5.501000866291433	739.9118944700803	0.9916896467300523	 	 	0.0	3.87701551259338	5.501000866291433	738.9202048233502	
2000-4-15	5.374676611916047	5.256405302648831	5.4699860975294206	738.9202048233502	0.7239267958622165	 	 	0.0	5.374676611916047	5.4699860975294206	738.1962780274881	
2000-4-16	10.839433369113374	5.231541283870702	5.439721316827276	738.1962780274881	0.7316947717861755	 	 	0.0	10.839433369113374	5.439721316827276	737.464583255702	
2000-4-17	4.236651062246815	5.207485229124998	5.410215025136868	737.464583255702	0.7520172157310953	 	 	0.0	4.236651062246815	5.410215025136868	736.7125660399709	
2000-4-18	4.957578919067086	5.184244227841469	5.381475084804666	736.7125660399709	0.8456151687595201	 	 	0.0	4.957578919067086	5.381475084804666	735.8669508712114	
2000-4-19	4.7002357331710485	5.161825129249868	5.35350641281361	735.8669508712115	0.9804765346707907	 	 	0.0	4.7002357331710485	5.35350641281361	734.8864743365408	
2000-4-20	6.883952842361647	5.140234540361451	5.326312873433637	734.8864743365408	0.5308042223072793	 	 	0.0	6.883952842361647	5.326312873433637	734.3556701142334	
2000-4-21	3.867365287784734	5.119478824021867	5.299921078527046	734.3556701142334	0.5870398615030956	 	 	0.0	3.867365287784734	5.299921078527046	733.7686302527304	
2000-4-22	9.49397060286799	5.099564097035985	5.27433513033436	733.7686302527304	0.9823226151433616	 	 	0.0	9.49397060286799	5.27433513033436	732.7863076375871	
2000-4-23	7.265845361432183	5.080496228365256	5.24954758593665	732.7863076375869	0.9882236791747019	 	 	0.0	7.265845361432183	5.24954758593665	731.7980839584122	
2000-4-24	7.878875662182473	5.062280837398099	5.225567338630725	731.7980839584122	0.8419935952961549	 	 	0.0	7.878875662182473	5.225567338630725	730.9560903631161	
2000-4-25	6.543407706552522	5.04492329229384	5.202407926896888	730.9560903631161	0.8557598869710944	 	 	0.0	6.543407706552522	5.202407926896888	730.100330476145	
2000-4-26	7.499363794968267	5.028428708400689	5.1800762306723565	730.100330476145	0.8340473574009245	 	 	0.0	7.499363794968267	5.1800762306723565	729.2662831187444	
2000-4-27	6.5342597014554675	5.01280194674823	5.1585800394200945	729.2662831187444	0.6899343858551854	 	 	0.0	6.5342597014554675	5.1585800394200945	728.5763487328891	
2000-4-28	4.64232963343616	4.998047612614848	5.137930310751949	728.5763487328891	0.7231388231245289	 	 	0.0	4.64232963343616	5.137930310751949	727.8532099097646	
2000-4-29	9.595172867142328	4.984170054170535	5.11813162090602	727.8532099097646	0.5649053818960695	 	 	0.0	9.595172867142328	5.11813162090602	727.2883045278685	
2000-4-30	6.094023340040704	4.97117336119546	5.0991938329527935	727.2883045278685	0.5202283364816808	 	 	0.0	6.094023340040704	5.0991938329527935	726.768076191387	
2000-5-1	9.016758527042594	4.959061363874697	5.0811225198403775	726.768076191387	0.7256384555128603	 	 	0.0	9.016758527042594	5.0811225198403775	726.042437735874	
2000-5-2	6.135023400529666	4.94783763166945	5.063916651170921	726.042437735874	0.9191288562533612	 	 	0.0	6.135023400529666	5.063916651170921	725.1233088796207	
2000-5-3	6.044130103214105	4.9375054722651175	5.04757680602948	725.1233088796207	0.9576898841081605	 	 	0.0	6.044130103214105	5.04757680602948	724.1656189955127	
2000-5-4	8.45935338634687	4.928067930596498	5.032108073494849	724.1656189955127	0.7953712459901917	 	 	0.0	8.45935338634687	5.032108073494849	723.3702477495225	
2000-5-5	4.775978544535876	4.91952778795044	5.017519648979903	723.3702477495225	0.8319033837026979	 	 	0.0	4.775978544535876	5.017519648979903	722.5383443658197	
2000-5-6	8.767829875653415	4.91188756114618	5.003815333750976	722.5383443658197	0.5211607123661935	 	 	0.0	8.767829875653415	5.003815333750976	722.0171836534535	
2000-5-7	8.09960392293112	4.905149501793627	4.991005329225331	722.0171836534535	0.8786781806002013	 	 	0.0	8.09960392293112	4.991005329225331	721.1385054728532	
2000-5-8	10.934439845858643	4.899315595629796	4.979086050589811	721.1385054728532	0.5101416635508897	 	 	0.0	10.934439845858643	4.979086050589811	720.6283638093023	
2000-5-9	8.584631052558972	4.894387561933614	4.968067600022225	720.6283638093023	0.9986507013782687	 	 	0.0	8.584631052558972	4.968067600022225	719.6297131079241	
2000-5-10	5.385932470795392	4.89036685301923	4.957944943531093	719.6297131079241	0.9758197470450398	 	 	0.0	5.385932470795392	4.957944943531093	718.653893360879	
2000-5-11	7.478559840867497	4.887254653808014	4.948722618530243	718.653893360879	0.8165509693776745	 	 	0.0	7.478559840867497	4.948722618530243	717.8373423915014	
2000-5-12	7.614832339958091	4.885051881479361	4.940406274954184	717.8373423915014	0.6729835131722418	 	 	0.0	7.614832339958091	4.940406274954184	717.1643588783292	
2000-5-13	11.165696354971361	4.883759185200385	4.933000130973968	717.1643588783292	0.5261076831830925	 	 	0.0	11.165696354971361	4.933000130973968	716.6382511951459	
2000-5-14	6.409375399793139	4.883376945934614	4.926507377075562	716.6382511951459	0.9553130865194028	 	 	0.0	6.409375399793139	4.926507377075562	715.6829381086266	
2000-5-15	4.076373758968159	4.883905276329713	4.920925527875929	715.6829381086266	0.9199496631577951	 	 	0.0	4.076373758968159	4.920925527875929	714.7629884454687	
2000-5-16	9.676990820917812	4.8853440206842915	4.9162572896328705	714.7629884454687	0.7703591786945627	 	 	0.0	9.676990820917812	4.9162572896328705	713.9926292667742	
2000-5-17	5.349417226038059	4.887692754993782	4.912505457053188	713.9926292667742	0.8085700881128711	 	 	0.0	5.349417226038059	4.912505457053188	713.1840591786614	
2000-5-18	4.976639716239841	4.890950787075404	4.909670995082819	713.1840591786614	0.6788372702062819	 	 	0.0	4.976639716239841	4.909670995082819	712.505221908455	
2000-5-19	3.5136502848111277	4.895117156772148	4.907755248399709	712.505221908455	0.7859772624315695	 	 	0.0	3.5136502848111277	4.907755248399709	711.7192446460236	
2000-5-20	6.031949610800893	4.9001906362357435	4.906758357233783	711.7192446460236	0.7151334783658325	 	 	0.0	6.031949610800893	4.906758357233783	711.0041111676577	
2000-5-21	8.296390533856332	4.906169730288504	4.906680704364135	711.0041111676577	0.6213582599878533	 	 	0.0	8.296390533856332	4.906680704364135	710.3827529076699	
2000-5-22	4.220013927684245	4.913052676863966	4.907522077207516	710.3827529076699	0.7442994528255328	 	 	0.0	4.220013927684245	4.907522077207516	709.6384534548444	
2000-5-23	9.543873553324184	4.920837447526186	4.90928220660458	709.6384534548444	0.8409504203651853	 	 	0.0	9.543873553324184	4.90928220660458	708.7975030344792	
2000-5-24	7.077015700010534	4.929521748067515	4.911960953574702	708.7975030344792	0.6446742776138464	 	 	0.0	7.077015700010534	4.911960953574702	708.1528287568653	
2000-5-25	8.143119054723263	4.939103019184724	4.91555669728342	708.1528287568653	0.9026810093252394	 	 	0.0	8.143119054723263	4.91555669728342	707.2501477475403	
2000-5-26	4.0775391619955235	4.949578437233237	4.920069888802889	707.2501477475403	0.8894748042044647	 	 	0.0	4.0775391619955235	4.920069888802889	706.3606729433357	
2000-5-27	5.574677127372275	4.960944915059273	4.9254993835233885	706.3606729433357	0.6686427054598174	 	 	0.0	5.574677127372275	4.9254993835233885	705.692030237876	
2000-5-28	5.913519684383156	4.973199102909646	4.931841734305808	705.692030237876	0.7829183721185171	 	 	0.0	5.913519684383156	4.931841734305808	704.9091118657574	
2000-5-29	5.173845608433573	4.986337389418951	4.939096174834858	704.9091118657574	0.5030790151711043	 	 	0.0	5.173845608433573	4.939096174834858	704.4060328505863	
2000-5-30	4.013940061164564	5.000355902673848	4.94725720765993	704.4060328505863	0.8521710641815322	 	 	0.0	4.013940061164564	4.94725720765993	703.5538617864047	
2000-5-31	7.980728248217825	5.015250511354138	4.95632685502769	703.5538617864047	0.6925284328178227	 	 	0.0	7.980728248217825	4.95632685502769	702.8613333535869	
2000-6-1	14.113220257731056	5.031016825950276	4.96630014877378	702.8613333535869	0.7139522449717843	 	 	0.0	14.113220257731056	4.96630014877378	702.1473811086151	
2000-6-2	12.119417111466552	5.047650200056986	4.977174440541078	702.1473811086151	0.6217009449056485	 	 	0.0	12.119417111466552	4.977174440541078	701.5256801637096	
2000-6-3	14.82664305833535	5.065145731742571	4.9889448638083564	701.5256801637096	0.6400843963686662	 	 	0.0	14.82664305833535	4.9889448638083564	700.8855957673408	
2000-6-4	15.989385007608066	5.08349826499354	5.001608224107188	700.8855957673408	0.6854310486881364	 	 	0.0	15.989385007608066	5.001608224107188	700.2001647186527	
2000-6-5	8.355658264777764	5.102702391234106	5.0151616433851665	700.2001647186527	0.6885826524369018	 	 	0.0	8.355658264777764	5.0151616433851665	699.5115820662157	
2000-6-6	11.05103294558262	5.122752450920122	5.029601132970433	699.5115820662157	0.6608732079395199	 	 	0.0	11.05103294558262	5.029601132970433	698.8507088582762	
2000-6-7	11.547435764949759	5.143642535206968	5.044921740242265	698.8507088582762	0.5527690806618836	 	 	0.0	11.547435764949759	5.044921740242265	698.2979397776144	
2000-6-8	16.6725579904458	5.165366487690921	5.061116275765811	698.2979397776144	0.6624993866932618	 	 	0.0	16.6725579904458	5.061116275765811	697.6354403909212	
2000-6-9	8.173949038069521	5.187917906223472	5.078182793356984	697.6354403909212	0.9999233170081011	 	 	0.0	8.173949038069521	5.078182793356984	696.6355170739131	
2000-6-10	10.486981517294256	5.21129014479807	5.096125280504184	696.6355170739131	0.5082556725728166	 	 	0.0	10.486981517294256	5.096125280504184	696.1272614013402	
2000-6-11	14.760190388246997	5.2354763155087305	5.114924134567032	696.1272614013402	0.7205068177712919	 	 	0.0	14.760190388246997	5.114924134567032	695.406754583569	
2000-6-12	13.812348622950298	5.26046929057993	5.134580308200287	695.406754583569	0.8115799277337818	 	 	0.0	13.812348622950298	5.134580308200287	694.5951746558352	
2000-6-13	11.743993760247774	5.286261704467199	5.155090709063858	694.5951746558352	0.5191993148207706	 	 	0.0	11.743993760247774	5.155090709063858	694.0759753410146	
2000-6-14	12.077585253410007	5.312845956027781	5.176439616242556	694.0759753410146	0.7993332055308159	 	 	0.0	12.077585253410007	5.176439616242556	693.2766421354836	
2000-6-15	10.154409671961824	5.340214210760719	5.198630409216628	693.2766421354836	0.7378495939825851	 	 	0.0	10.154409671961824	5.198630409216628	692.5387925415012	
2000-6-16	9.464406538294329	5.368358403115724	5.221654095960044	692.5387925415012	0.7288225353494958	 	 	0.0	9.464406538294329	5.221654095960044	691.8099700061515	
2000-6-17	11.486205807242714	5.39727023887013	5.245503412076511	691.8099700061515	0.6787718176600835	 	 	0.0	11.486205807242714	5.245503412076511	691.1311981884916	
2000-6-18	10.676143426107016	5.426941197573235	5.270169331857322	691.1311981884916	0.5220744472083838	 	 	0.0	10.676143426107016	5.270169331857322	690.609123741283	
2000-6-19	10.961272381907078	5.4573625350573245	5.295638534024876	690.609123741283	0.6732235955457146	 	 	0.0	10.961272381907078	5.295638534024876	689.9359001457374	
2000-6-20	16.635598324837385	5.488525286014605	5.321909962179506	689.9359001457374	0.8567517195448358	 	 	0.0	16.635598324837385	5.321909962179506	689.0791484261925	
2000-6-21	8.696386866783735	5.520420266639337	5.34898333557038	689.0791484261925	0.5258114883189997	 	 	0.0	8.696386866783735	5.34898333557038	688.5533369378735	
2000-6-22	10.894646448338086	5.5530380773343335	5.376835977611459	688.5533369378735	0.9002968390062845	 	 	0.0	10.894646448338086	5.376835977611459	687.6530400988672	
2000-6-23	8.247596996106465	5.586369105481068	5.405476517916983	687.6530400988672	0.8302196158382907	 	 	0.0	8.247596996106465	5.405476517916983	686.822820483029	
2000-6-24	14.416449395447819	5.620403528272559	5.434892480966985	686.822820483029	0.6670550588909898	 	 	0.0	14.416449395447819	5.434892480966985	686.1557654241379	
2000-6-25	7.591589401881735	5.655131315608193	5.465067139598787	686.1557654241379	0.9470996800652515	 	 	0.0	7.591589401881735	5.465067139598787	685.2086657440728	
2000-6-26	10.13459488768039	5.690542233049644	5.496004997035818	685.2086657440728	0.8326082849990135	 	 	0.0	10.13459488768039	5.496004997035818	684.3760574590738	
2000-6-27	12.265540532856464	5.726625844837007	5.527690349171921	684.3760574590738	0.6210590015678076	 	 	0.0	12.265540532856464	5.527690349171921	683.7549984575061	
2000-6-28	11.576449755126717	5.763371516964267	5.560102912265825	683.7549984575061	0.7909847521301501	 	 	0.0	11.576449755126717	5.560102912265825	682.9640137053759	
2000-6-29	11.836926691525463	5.800768420313188	5.593242329013175	682.9640137053759	0.7831123212151846	 	 	0.0	11.836926691525463	5.593242329013175	682.1809013841606	
2000-6-30	10.5560593277718	5.8388055338447025	5.627098087865152	682.1809013841606	0.7697534470292224	 	 	0.0	10.5560593277718	5.627098087865152	681.4111479371315	
2000-7-1	25.16486286403786	5.877471647846864	5.661659225078153	681.4111479371315	0.7882121925110258	 	 	0.0	25.16486286403786	5.661659225078153	680.6229357446203	
2000-7-2	19.755357059583563	5.916755367238403	5.696916362431863	680.6229357446203	0.976538203542954	 	 	0.0	19.755357059583563	5.696916362431863	679.6463975410774	
2000-7-3	20.07184208383676	5.956645114926902	5.732869261327085	679.6463975410774	0.8078422350504854	 	 	0.0	20.07184208383676	5.732869261327085	678.8385553060269	
2000-7-4	15.17026827487097	5.997129135220626	5.769496483153077	678.8385553060269	0.7847744242134167	 	 	0.0	15.17026827487097	5.769496483153077	678.0537808818136	
2000-7-5	19.505454396889924	6.038195497292976	5.8067856953387045	678.0537808818136	0.9762603284691761	 	 	0.0	19.505454396889924	5.8067856953387045	677.0775205533444	
2000-7-6	23.16144596003645	6.079832098698556	5.844737087804447	677.0775205533444	0.943477565981233	 	 	0.0	23.16144596003645	5.844737087804447	676.1340429873633	
2000-7-7	18.31676984564074	6.122026668939822	5.8833362746033275	676.1340429873633	0.9497412959239977	 	 	0.0	18.31676984564074	5.8833362746033275	675.1843016914393	
2000-7-8	21.80668065300107	6.164766773083253	5.92257135800366	675.1843016914393	0.727602550002715	 	 	0.0	21.80668065300107	5.92257135800366	674.4566991414364	
2000-7-9	17.360549790093998	6.208039815423985	5.962416150020674	674.4566991414364	0.8128287727586457	 	 	0.0	17.360549790093998	5.962416150020674	673.6438703686778	
2000-7-10	24.03147169346633	6.251833043197816	6.002864965502569	673.6438703686778	0.9147681343597569	 	 	0.0	24.03147169346633	6.002864965502569	672.729102234318	
2000-7-11	18.59734842310909	6.2961335503395155	6.043912396752451	672.729102234318	0.6687146418132408	 	 	0.0	18.59734842310909	6.043912396752451	672.0603875925048	
2000-7-12	23.07552553177297	6.340928281286291	6.085529607230708	672.0603875925048	0.7585302225687618	 	 	0.0	23.07552553177297	6.085529607230708	671.3018573699361	
2000-7-13	20.092506201566618	6.386204034825326	6.127711332252487	671.3018573699361	0.7047843760306091	 	 	0.0	20.092506201566618	6.127711332252487	670.5970729939054	
2000-7-14	22.025837526635684	6.43194746798424	6.170441791052352	670.5970729939054	0.8261597092609695	 	 	0.0	22.025837526635684	6.170441791052352	669.7709132846444	
2000-7-15	14.290707041149206	6.478145099963321	6.213717202286114	669.7709132846444	0.5842751741465875	 	 	0.0	14.290707041149206	6.213717202286114	669.1866381104979	
2000-7-16	21.390388339406375	6.524783316108381	6.25750773864572	669.1866381104979	0.7234686501458523	 	 	0.0	21.390388339406375	6.25750773864572	668.463169460352	
2000-7-17	16.789984903353723	6.571848371923053	6.30181165357084	668.463169460352	0.9938769355021049	 	 	0.0	16.789984903353723	6.30181165357084	667.4692925248498	
2000-7-18	18.032200408827403	6.619326397119366	6.346635064222184	667.4692925248498	0.9544048017344725	 	 	0.0	18.032200408827403	6.346635064222184	666.5148877231154	
2000-7-19	23.06261283382805	6.667203399705369	6.391959808924827	666.5148877231154	0.7707668535753862	 	 	0.0	23.06261283382805	6.391959808924827	665.74412086954	
2000-7-20	20.612540795406126	6.71546527010865	6.437757710465256	665.74412086954	0.7679794251780303	 	 	0.0	20.612540795406126	6.437757710465256	664.9761414443619	
2000-7-21	15.957859711727243	6.76409778533448	6.484015252176875	664.9761414443619	0.9446183932418836	 	 	0.0	15.957859711727243	6.484015252176875	664.0315230511201	
2000-7-22	15.392526664117606	6.813086613157402	6.530731990424664	664.0315230511201	0.9590019322985324	 	 	0.0	15.392526664117606	6.530731990424664	663.0725211188216	
2000-7-23	17.10296970226128	6.8624173163450015	6.577893755312579	663.0725211188216	0.5969916559866817	 	 	0.0	17.10296970226128	6.577893755312579	662.4755294628349	
2000-7-24	15.675974785537333	6.912075356912622	6.625457901130298	662.4755294628349	0.7867748577379695	 	 	0.0	15.675974785537333	6.625457901130297	661.688754605097	
2000-7-25	17.05582459412837	6.962046100407782	6.673426911881865	661.688754605097	0.7564315558909234	 	 	0.0	17.05582459412837	6.673426911881865	660.9323230492059	
2000-7-26	17.014583227916056	7.012314820223009	6.721784273747908	660.9323230492059	0.602371840917137	 	 	0.0	17.014583227916056	6.721784273747909	660.3299512082888	
2000-7-27	22.574630004850828	7.062866701935844	6.770504011244119	660.3299512082888	0.5896254151841981	 	 	0.0	22.574630004850828	6.77050401124412	659.7403257931046	
2000-7-28	21.098277988759513	7.113686847674714	6.8195724210584565	659.7403257931046	0.7707140667580712	 	 	0.0	21.098277988759513	6.8195724210584565	658.9696117263464	
2000-7-29	23.9447008770791	7.164760280509411	6.86899081453381	658.9696117263464	0.9019635890662436	 	 	0.0	23.9447008770791	6.86899081453381	658.0676481372803	
2000-7-30	18.508284345372797	7.216071948864852	6.918754505066992	658.0676481372803	0.6990190511238323	 	 	0.0	18.508284345372797	6.918754505066992	657.3686290861564	
2000-7-31	24.210772752241095	7.267606730956856	6.968830751984584	657.3686290861564	0.5424837715364805	 	 	0.0	24.210772752241095	6.968830751984584	656.82614531462	
2000-8-1	14.002918802677298	7.319349439248597	7.019192654855273	656.82614531462	0.8442788055823718	 	 	0.0	14.002918802677298	7.019192654855273	655.9818665090377	
2000-8-2	14.6796321298215	7.371284824926447	7.0698518484186526	655.9818665090377	0.5939476317499242	 	 	0.0	14.6796321298215	7.069851848418652	655.3879188772878	
2000-8-3	9.115634263660372	7.423397582393866	7.120771465037783	655.3879188772878	0.6455006224694841	 	 	0.0	9.115634263660372	7.120771465037783	654.7424182548183	
2000-8-4	11.779253054956774	7.475672353782032	7.171942083694928	654.7424182548183	0.9770001381779541	 	 	0.0	11.779253054956774	7.171942083694929	653.7654181166404	
2000-8-5	14.176806030613761	7.52809373347588	7.223376575726303	653.7654181166404	0.7830951320797181	 	 	0.0	14.176806030613761	7.223376575726304	652.9823229845607	
2000-8-6	12.835009601782735	7.580646272654202	7.275040487326554	652.9823229845607	0.5741092746564649	 	 	0.0	12.835009601782735	7.275040487326554	652.4082137099042	
2000-8-7	10.791917290006507	7.63331448384249	7.326900500286746	652.4082137099042	0.6999185430212388	 	 	0.0	10.791917290006507	7.326900500286746	651.708295166883	
2000-8-8	16.11976606957044	7.686082845477161	7.378953658806324	651.708295166883	0.5832033680307759	 	 	0.0	16.11976606957044	7.378953658806324	651.1250917988522	
2000-8-9	10.239937660625172	7.738935806479839	7.431174839532654	651.1250917988522	0.5632738536676539	 	 	0.0	10.239937660625172	7.431174839532654	650.5618179451845	
2000-8-10	18.059871328189434	7.791857790840322	7.483548320938242	650.5618179451845	0.6993528452613339	 	 	0.0	18.059871328189434	7.483548320938243	649.8624650999232	
2000-8-11	13.748238546088627	7.844833202206913	7.536071584773588	649.8624650999232	0.5121717299087679	 	 	0.0	13.748238546088627	7.536071584773589	649.3502933700144	
2000-8-12	12.126587919996316	7.897846428482725	7.588712741782451	649.3502933700144	0.9350337826525927	 	 	0.0	12.126587919996316	7.588712741782452	648.4152595873618	
2000-8-13	16.008978643261187	7.9508818464266495	7.641494214580753	648.4152595873618	0.5221750334487577	 	 	0.0	16.008978643261187	7.641494214580753	647.893084553913	
2000-8-14	12.498268440107404	8.003923826257585	7.69436149151487	647.893084553913	0.9728258357425045	 	 	0.0	12.498268440107404	7.69436149151487	646.9202587181705	
2000-8-15	14.321706561098742	8.05695673626062	7.7473396365814295	646.9202587181705	0.754348087956574	 	 	0.0	14.321706561098742	7.7473396365814295	646.165910630214	
2000-8-16	15.84112792814782	8.109964947393754	7.800390310037981	646.165910630214	0.5790115657920599	 	 	0.0	15.84112792814782	7.800390310037982	645.5868990644219	
2000-8-17	11.12708729203633	8.162932837893864	7.853482003431358	645.5868990644219	0.5036585655156266	 	 	0.0	11.12708729203633	7.853482003431358	645.0832404989063	
2000-8-18	10.826012470983796	8.2158447978805	7.906594061121234	645.0832404989063	0.7304479515001598	 	 	0.0	10.826012470983796	7.9065940611212335	644.3527925474061	
2000-8-19	13.15729806235755	8.26868523395619	7.95973268923211	644.3527925474061	0.564406755225731	 	 	0.0	13.15729806235755	7.95973268923211	643.7883857921804	
2000-8-20	16.003974906415696	8.321438573801887	8.012866835460661	643.7883857921804	0.5410728994802984	 	 	0.0	16.003974906415696	8.012866835460661	643.2473128926999	
2000-8-21	14.937055990662046	8.374089270766202	8.065980025377632	643.2473128926999	0.919965003122081	 	 	0.0	14.937055990662046	8.065980025377632	642.3273478895779	
2000-8-22	14.310928769694456	8.42662180844708	8.119090825978494	642.3273478895779	0.6471046240146759	 	 	0.0	14.310928769694456	8.119090825978494	641.6802432655633	
2000-8-23	12.997036278215077	8.479020705264546	8.172156123719105	641.6802432655633	0.8956949735707905	 	 	0.0	12.997036278215077	8.172156123719105	640.7845482919925	
2000-8-24	9.262423910039583	8.531270519023192	8.225182142109636	640.7845482919925	0.8828144454822209	 	 	0.0	9.262423910039583	8.225182142109636	639.9017338465102	
2000-8-25	13.924297265088802	8.583355851463086	8.278149112761469	639.9017338465102	0.9870778791517593	 	 	0.0	13.924297265088802	8.278149112761469	638.9146559673584	
2000-8-26	13.419479069709013	8.635261352797688	8.331048033381196	638.9146559673584	0.5709431916115185	 	 	0.0	13.419479069709013	8.331048033381196	638.3437127757469	
2000-8-27	11.922601926384813	8.686971726237509	8.383823594627227	638.3437127757469	0.7598637295075213	 	 	0.0	11.922601926384813	8.383823594627227	637.5838490462393	
2000-8-28	19.788201841659724	8.738471732498152	8.436479028040488	637.5838490462393	0.6654379212382898	 	 	0.0	19.788201841659724	8.436479028040488	636.9184111250011	
2000-8-29	12.578675798126737	8.789746194291386	8.48899014096996	636.9184111250011	0.9807507015916728	 	 	0.0	12.578675798126737	8.48899014096996	635.9376604234094	
2000-8-30	13.22775948914032	8.840780000797976	8.54136955391688	635.9376604234094	0.929072895441835	 	 	0.0	13.22775948914032	8.54136955391688	635.0085875279675	
2000-8-31	12.936437682950169	8.8915581121209	8.593593840948472	635.0085875279675	0.7613907899358742	 	 	0.0	12.936437682950169	8.593593840948472	634.2471967380317	
2000-9-1	9.400978233021766	8.942065563717684	8.645630751465562	634.2471967380317	0.5473621118297823	 	 	0.0	9.400978233021766	8.645630751465562	633.6998346262019	
2000-9-2	12.331648149597465	8.992287470810517	8.697446672635015	633.6998346262019	0.7163388610548981	 	 	0.0	12.331648149597465	8.697446672635015	632.9834957651469	
2000-9-3	10.997560009355423	9.04220903277286	8.749043774869058	632.9834957651469	0.5734587812696331	 	 	0.0	10.997560009355423	8.749043774869058	632.4100369838773	
2000-9-4	17.83139907707816	9.091815537491268	8.800394859443731	632.4100369838773	0.7481892246369374	 	 	0.0	17.83139907707816	8.800394859443731	631.6618477592405	
2000-9-5	15.418687367936087	9.141092365701107	8.85150173557935	631.6618477592405	0.7497706367722159	 	 	0.0	15.418687367936087	8.85150173557935	630.9120771224681	
2000-9-6	16.18590902070031	9.190024995294928	8.902348860027065	630.9120771224681	0.5771589049474868	 	 	0.0	16.18590902070031	8.902348860027065	630.3349182175207	
2000-9-7	15.344499288430326	9.23859900560219	8.952906086100272	630.3349182175207	0.9519119178761312	 	 	0.0	15.344499288430326	8.952906086100272	629.3830062996445	
2000-9-8	10.975000982988988	9.286800081639104	9.003191797170029	629.3830062996445	0.8446742237329716	 	 	0.0	10.975000982988988	9.003191797170029	628.5383320759115	
2000-9-9	11.363318183503793	9.334614018327319	9.05317865164387	628.5383320759115	0.7732891765561555	 	 	0.0	11.363318183503793	9.05317865164387	627.7650428993553	
2000-9-10	11.601078156432644	9.382026724680234	9.102844335698444	627.7650428993553	0.803304208977137	 	 	0.0	11.601078156432644	9.102844335698444	626.9617386903782	
2000-9-11	8.475479862043866	9.429024227955662	9.15217621996658	626.9617386903782	0.8958176833830461	 	 	0.0	8.475479862043866	9.15217621996658	626.0659210069952	
2000-9-12	12.264707883126393	9.475592677773673	9.201166534199153	626.0659210069952	0.5911802458584186	 	 	0.0	12.264707883126393	9.201166534199153	625.4747407611368	
2000-9-13	16.283851938828814	9.521718350198357	9.249773889933865	625.4747407611368	0.5385372532364386	 	 	0.0	16.283851938828814	9.249773889933865	624.9362035079004	
2000-9-14	13.380579725265974	9.56738765178234	9.297982036607705	624.9362035079004	0.9056786877358567	 	 	0.0	13.380579725265974	9.297982036607705	624.0305248201645	
2000-9-15	12.5880882745773	9.612587123572823	9.345809062434213	624.0305248201645	0.6136063349056132	 	 	0.0	12.5880882745773	9.345809062434213	623.4169184852589	
2000-9-16	14.5590939221724	9.657303445078005	9.393214796539588	623.4169184852589	0.8867653817735722	 	 	0.0	14.5590939221724	9.393214796539588	622.5301531034853	
2000-9-17	10.238340892319505	9.701523438192694	9.440208566547438	622.5301531034853	0.5534747944939891	 	 	0.0	10.238340892319505	9.440208566547438	621.9766783089913	
2000-9-18	11.739152410332991	9.745234071081953	9.486747913631426	621.9766783089913	0.9884667458931772	 	 	0.0	11.739152410332991	9.486747913631426	620.988211563098	
2000-9-19	13.455107407274747	9.78842246202164	9.532855545538892	620.988211563098	0.666958697059313	 	 	0.0	13.455107407274747	9.532855545538892	620.3212528660388	
2000-9-20	12.36223110440399	9.83107588319471	9.578489201814696	620.3212528660388	0.9212091262708064	 	 	0.0	12.36223110440399	9.578489201814696	619.400043739768	
2000-9-21	12.671349947504359	9.873181764442169	9.623655981761	619.400043739768	0.7812649979963822	 	 	0.0	12.671349947504359	9.623655981761	618.6187787417716	
2000-9-22	10.44026935218242	9.914727696967548	9.668329404815436	618.6187787417716	0.9473399384474596	 	 	0.0	10.44026935218242	9.668329404815436	617.6714388033241	
2000-9-23	11.588633115644983	9.95570143699384	9.712508471631578	617.6714388033241	0.7853531057466298	 	 	0.0	11.588633115644983	9.712508471631578	616.8860856975775	
2000-9-24	16.180248552839682	9.996090909371791	9.756165573595597	616.8860856975775	0.7864044497984526	 	 	0.0	16.180248552839682	9.756165573595597	616.0996812477791	
2000-9-25	7.772716418541354	10.035884211138505	9.799287863952038	616.0996812477791	0.5938004483579904	 	 	0.0	7.772716418541354	9.799287863952038	615.5058807994211	
2000-9-26	10.604229352178324	10.075069615025303	9.841848497037788	615.5058807994211	0.9604078735296702	 	 	0.0	10.604229352178324	9.841848497037788	614.5454729258914	
2000-9-27	12.47049345597633	10.1136355729138	9.883863715297778	614.5454729258914	0.8437980159143713	 	 	0.0	12.47049345597633	9.883863715297778	613.7016749099771	
2000-9-28	16.576567343527476	10.151570719239192	9.92531010999037	613.7016749099771	0.9773643903003875	 	 	0.0	16.576567343527476	9.92531010999037	612.7243105196767	
2000-9-29	12.552678835152667	10.188863874339736	9.966183989847003	612.7243105196767	0.5480905350157417	 	 	0.0	12.552678835152667	9.966183989847003	612.176219984661	
2000-9-30	10.305719924592463	10.22550404775145	10.006441062050895	612.176219984661	0.9042525905238716	 	 	0.0	10.305719924592463	10.006441062050895	611.271967394137	
2000-10-1	9.55600220614713	10.261480441447054	10.04609711792821	611.271967394137	0.6884577616853207	 	 	0.0	9.55600220614713	10.04609711792821	610.5835096324518	
2000-10-2	11.1450816067192	10.296782453018194	10.085124221621824	610.5835096324518	0.5287081351016639	 	 	0.0	11.1450816067192	10.085124221621824	610.0548014973501	
2000-10-3	9.450396171599005	10.331399678800027	10.123501488351106	610.0548014973501	0.715383575183107	 	 	0.0	9.450396171599005	10.123501488351106	609.3394179221671	
2000-10-4	12.233515421047118	10.365321916937226	10.161232783636818	609.3394179221671	0.80834326126149	 	 	0.0	12.233515421047118	10.161232783636818	608.5310746609056	
2000-10-5	7.618063361964076	10.398539170390507	10.19831317239712	608.5310746609056	0.7453675000813937	 	 	0.0	7.618063361964076	10.19831317239712	607.7857071608241	
2000-10-6	11.458355226154461	10.431041649882813	10.234726769909013	607.7857071608241	0.5837609275994083	 	 	0.0	11.458355226154461	10.234726769909013	607.2019462332247	
2000-10-7	6.598813261757165	10.462819776784254	10.270452715314173	607.2019462332247	0.9261983530047003	 	 	0.0	6.598813261757165	10.270452715314173	606.27574788022	
2000-10-8	9.556402799750655	10.493864185934973	10.305503171077751	606.27574788022	0.7077094469949236	 	 	0.0	9.556402799750655	10.305503171077751	605.5680384332251	
2000-10-9	8.551697249260853	10.5241657284051	10.339852208418145	605.5680384332251	0.9885465559051646	 	 	0.0	8.551697249260853	10.339852208418145	604.5794918773199	
2000-10-10	9.876191794957167	10.553715474190984	10.373506569490557	604.5794918773199	0.7602967622442087	 	 	0.0	9.876191794957167	10.373506569490557	603.8191951150757	
2000-10-11	9.81789137987286	10.582504714846916	10.406440255459822	603.8191951150757	0.5683650846041225	 	 	0.0	9.81789137987286	10.406440255459822	603.2508300304715	
2000-10-12	10.00821967957277	10.610524966051528	10.438632833445416	603.2508300304715	0.7659587052978183	 	 	0.0	10.00821967957277	10.438632833445416	602.4848713251737	
2000-10-13	5.141386787279067	10.637767970108182	10.47008791933943	602.4848713251737	0.8755575579592909	 	 	0.0	5.141386787279067	10.47008791933943	601.6093137672144	
2000-10-14	9.47409184079851	10.664225698378537	10.500801795060939	601.6093137672144	0.7594723587418937	 	 	0.0	9.47409184079851	10.500801795060939	600.8498414084726	
2000-10-15	8.245063713645786	10.689890353648634	10.530757774579047	600.8498414084726	0.9897269789941405	 	 	0.0	8.245063713645786	10.530757774579047	599.8601144294785	
2000-10-16	11.409665088133472	10.714754372426764	10.559958797223173	599.8601144294785	0.8185559779106051	 	 	0.0	11.409665088133472	10.559958797223173	599.0415584515679	
2000-10-17	9.941050320816565	10.738810427172467	10.588385149443923	599.0415584515679	0.7809222658363334	 	 	0.0	9.941050320816565	10.588385149443923	598.2606361857315	
2000-10-18	9.210745231489387	10.762051428455997	10.61602625352284	598.2606361857315	0.7626452804148799	 	 	0.0	9.210745231489387	10.61602625352284	597.4979909053167	
2000-10-19	12.346105206631348	10.784470527047597	10.642873157984802	597.4979909053167	0.612329007277876	 	 	0.0	12.346105206631348	10.642873157984802	596.8856618980388	
2000-10-20	9.771033500855696	10.806061115936014	10.668911246290637	596.8856618980388	0.5297395270772436	 	 	0.0	9.771033500855696	10.668911246290637	596.3559223709616	
2000-10-21	10.840425033711535	10.826816832275599	10.694130842343414	596.3559223709616	0.7707929826385128	 	 	0.0	10.840425033711535	10.694130842343414	595.585129388323	
2000-10-22	11.290425636490376	10.846731559261482	10.718537165615297	595.585129388323	0.7745389304366679	 	 	0.0	11.290425636490376	10.718537165615297	594.8105904578864	
2000-10-23	11.402168600603147	10.86579942793221	10.742122699499998	594.8105904578864	0.5607215657674829	 	 	0.0	11.402168600603147	10.742122699499998	594.2498688921189	
2000-10-24	10.584611404414854	10.884014818899367	10.76487138902974	594.2498688921189	0.6655300022073405	 	 	0.0	10.584611404414854	10.76487138902974	593.5843388899116	
2000-10-25	13.966121627013434	10.901372364003626	10.786782213144843	593.5843388899116	0.7658920050716896	 	 	0.0	13.966121627013434	10.786782213144843	592.8184468848399	
2000-10-26	7.56819223448663	10.917866947896776	10.807852855014458	592.8184468848399	0.7006112491432936	 	 	0.0	7.56819223448663	10.807852855014458	592.1178356356966	
2000-10-27	12.273535442235103	10.933493709549236	10.828074153958076	592.1178356356966	0.9434323496991923	 	 	0.0	12.273535442235103	10.828074153958076	591.1744032859974	
2000-10-28	8.10247693284741	10.948248043682616	10.847448606083278	591.1744032859974	0.5599963824648267	 	 	0.0	8.10247693284741	10.847448606083278	590.6144069035325	
2000-10-29	6.722208171796002	10.96212560212693	10.865955762471692	590.6144069035325	0.7339696874730847	 	 	0.0	6.722208171796002	10.865955762471692	589.8804372160595	
2000-10-30	11.67620940765566	10.975122295102006	10.883597130678357	589.8804372160595	0.5915039296628327	 	 	0.0	11.67620940765566	10.883597130678357	589.2889332863966	
2000-10-31	10.468260646246124	10.98723429242277	10.900363036807725	589.2889332863966	0.903710546627655	 	 	0.0	10.468260646246124	10.900363036807725	588.385222739769	
2000-11-1	6.0319753431093055	10.998458024628015	10.916258403338944	588.385222739769	0.6922745027872228	 	 	0.0	6.0319753431093055	10.916258403338944	587.6929482369818	
2000-11-2	3.7424528029002992	11.008790184032348	10.931271230260567	587.6929482369818	0.5378950014255642	 	 	0.0	3.7424528029002992	10.931271230260567	587.1550532355562	
2000-11-3	3.3483601367686417	11.018227725700967	10.945393386125746	587.1550532355562	0.6480930124938175	 	 	0.0	3.3483601367686417	10.945393386125746	586.5069602230624	
2000-11-4	6.969814958749702	11.026767868347026	10.958624634105037	586.5069602230624	0.6733232484254101	 	 	0.0	6.969814958749702	10.958624634105037	585.833636974637	
2000-11-5	3.6108471255005496	11.034408095151285	10.97096194557887	585.833636974637	0.8977908543956215	 	 	0.0	3.6108471255005496	10.97096194557887	584.9358461202414	
2000-11-6	3.2001615567047748	11.041146154503839	10.982406405855173	584.9358461202414	0.9409806745606574	 	 	0.0	3.2001615567047748	10.982406405855173	583.9948654456807	
2000-11-7	7.773845639336617	11.04698006066767	10.9929540566178	583.9948654456807	0.7569317942601131	 	 	0.0	7.773845639336617	10.9929540566178	583.2379336514206	
2000-11-8	6.286858903732558	11.051908094363851	11.002597105031228	583.2379336514206	0.6214848053479836	 	 	0.0	6.286858903732558	11.002597105031228	582.6164488460726	
2000-11-9	7.074117274048498	11.055928803278235	11.011330443055622	582.6164488460726	0.6087266466375102	 	 	0.0	7.074117274048498	11.011330443055622	582.0077221994351	
2000-11-10	3.3819034775091725	11.059041002489451	11.019152004809882	582.0077221994351	0.5372586423007978	 	 	0.0	3.3819034775091725	11.019152004809882	581.4704635571343	
2000-11-11	4.025549763088484	11.061243774818104	11.026059235002085	581.4704635571343	0.5177710129614236	 	 	0.0	4.025549763088484	11.026059235002085	580.9526925441728	
2000-11-12	4.6652270667644915	11.06253647109708	11.032050810096464	580.9526925441728	0.689925593092852	 	 	0.0	4.6652270667644915	11.032050810096464	580.2627669510799	
2000-11-13	4.296989696594266	11.062918710362851	11.03712743010565	580.2627669510799	0.65596368938173	 	 	0.0	4.296989696594266	11.03712743010565	579.6068032616982	
2000-11-14	3.2289521409336897	11.062390379967752	11.041287239695304	579.6068032616982	0.5311591321707347	 	 	0.0	3.2289521409336897	11.041287239695304	579.0756441295275	
2000-11-15	5.900104364202775	11.060951635613174	11.044528344096838	579.0756441295275	0.9323610695668126	 	 	0.0	5.900104364202775	11.044528344096838	578.1432830599607	
2000-11-16	3.1546287756888827	11.058602901303683	11.04685209041047	578.1432830599607	0.6446573416318663	 	 	0.0	3.1546287756888827	11.04685209041047	577.4986257183289	
2000-11-17	7.271819405536495	11.055344869222061	11.048255929397142	577.4986257183289	0.5675861805378809	 	 	0.0	7.271819405536495	11.048255929397142	576.931039537791	
2000-11-18	6.8433750492350285	11.051178499525317	11.0487395276658	576.931039537791	0.8384107849183725	 	 	0.0	6.8433750492350285	11.0487395276658	576.0926287528727	
2000-11-19	5.876054153574464	11.046105020061722	11.048302923902874	576.0926287528727	0.6468856302868156	 	 	0.0	5.876054153574464	11.048302923902874	575.4457431225859	
2000-11-20	6.4357718324425335	11.040125926008962	11.046946180279377	575.4457431225859	0.7551682522183184	 	 	0.0	6.4357718324425335	11.046946180279377	574.6905748703675	
2000-11-21	4.310502244626154	11.0332429794335	11.044669361143528	574.6905748703675	0.9674690840549997	 	 	0.0	4.310502244626154	11.044669361143528	573.7231057863125	
2000-11-22	3.752975381703275	11.02545820877128	11.041471696540667	573.7231057863125	0.917966901750598	 	 	0.0	3.752975381703275	11.041471696540667	572.805138884562	
2000-11-23	5.577711472788978	11.01677390822995	11.037353834765277	572.805138884562	0.8791452359008844	 	 	0.0	5.577711472788978	11.037353834765277	571.9259936486611	
2000-11-24	4.866841486094756	11.007192637112741	11.032316902621178	571.9259936486611	0.8325815260274401	 	 	0.0	4.866841486094756	11.032316902621178	571.0934121226337	
2000-11-25	3.0105593530140204	10.996717219064228	11.026362602745275	571.0934121226337	0.6115662257539696	 	 	0.0	3.0105593530140204	11.026362602745275	570.4818458968797	
2000-11-26	6.1609794877979525	10.985350741238193	11.019495341179404	570.4818458968797	0.5733764127829926	 	 	0.0	6.1609794877979525	11.019495341179404	569.9084694840967	
2000-11-27	4.504770148485138	10.973096553387819	11.011717848710997	569.9084694840967	0.9160043809278551	 	 	0.0	4.504770148485138	11.011717848710997	568.9924651031689	
2000-11-28	5.312322785405727	10.959958266878514	11.003027056922651	568.9924651031689	0.5197369705861096	 	 	0.0	5.312322785405727	11.003027056922651	568.4727281325828	
2000-11-29	2.728952685017299	10.945939753623616	10.993432520576901	568.4727281325828	0.7992178709865657	 	 	0.0	2.728952685017299	10.993432520576901	567.6735102615962	
2000-11-30	3.8937118770724535	10.931045144943328	10.982931698250784	567.6735102615962	0.681256504847026	 	 	0.0	3.8937118770724535	10.982931698250784	566.9922537567492	
2000-12-1	4.653568068914489	10.915278830347189	10.971530255909135	566.9922537567492	0.836634701763181	 	 	0.0	4.653568068914489	10.971530255909135	566.155619054986	
2000-12-2	7.352768107206562	10.89864545624048	10.959228022036763	566.155619054986	0.8282061667659706	 	 	0.0	7.352768107206562	10.959228022036763	565.32741288822	
2000-12-3	6.020270871725515	10.881149924554894	10.946028948790763	565.32741288822	0.8621297801004268	 	 	0.0	6.020270871725515	10.946028948790763	564.4652831081196	
2000-12-4	2.7993670460051567	10.862797391303927	10.931936135802749	564.4652831081196	0.9143869749403575	 	 	0.0	2.7993670460051567	10.931936135802749	563.5508961331792	
2000-12-5	1.8788407808117389	10.843593265063358	10.916952404505443	563.5508961331792	0.9027318447781891	 	 	0.0	1.8788407808117389	10.916952404505443	562.6481642884011	
2000-12-6	6.585555787697803	10.823543205377344	10.901082721899549	562.6481642884011	0.6599271206424332	 	 	0.0	6.585555787697803	10.901082721899549	561.9882371677586	
2000-12-7	5.567169415614722	10.802653121090497	10.884339598632732	561.9882371677586	0.6646329615265743	 	 	0.0	5.567169415614722	10.884339598632732	561.3236042062321	
2000-12-8	0.6906238263867112	10.780929168606544	10.866727489847	561.3236042062321	0.5274347433306231	 	 	0.0	0.6906238263867112	10.866727489847	560.7961694629014	
2000-12-9	2.332636164391678	10.758377750073993	10.848256131013008	560.7961694629014	0.8581528422720702	 	 	0.0	2.332636164391678	10.848256131013008	559.9380166206294	
2000-12-10	1.6234449320381525	10.735005511499395	10.82891832484454	559.9380166206294	0.9344455234483702	 	 	0.0	1.6234449320381525	10.82891832484454	559.003571097181	
2000-12-11	5.53351253455121	10.710819340788735	10.808717367815412	559.003571097181	0.5454148129362836	 	 	0.0	5.53351253455121	10.808717367815412	558.4581562842446	
2000-12-12	5.388762320125585	10.685826365717535	10.78767545134989	558.4581562842446	0.6644302919590995	 	 	0.0	5.388762320125585	10.78767545134989	557.7937259922855	
2000-12-13	2.7565870324107262	10.660033951830266	10.765793060553642	557.7937259922855	0.6973152852552644	 	 	0.0	2.7565870324107262	10.765793060553642	557.0964107070303	
2000-12-14	6.7097607271174775	10.633449700269685	10.743075057788563	557.0964107070303	0.9666753580712486	 	 	0.0	6.7097607271174775	10.743075057788563	556.129735348959	
2000-12-15	5.705281034649725	10.606081445536748	10.719516067522942	556.129735348959	0.893120062543353	 	 	0.0	5.705281034649725	10.719516067522942	555.2366152864156	
2000-12-16	4.05419445026082	10.57793725318174	10.695127680952552	555.2366152864156	0.928855970128593	 	 	0.0	4.05419445026082	10.695127680952552	554.307759316287	
2000-12-17	4.233273736438818	10.549025417427336	10.669916062337178	554.307759316287	0.7942195304453782	 	 	0.0	4.233273736438818	10.669916062337178	553.5135397858417	
2000-12-18	4.91270090668744	10.51935445872423	10.64389614185388	553.5135397858417	0.9046421808494781	 	 	0.0	4.91270090668744	10.64389614185388	552.6088976049922	
2000-12-19	2.556540395244971	10.48893312124014	10.617069866885021	552.6088976049922	0.5760513248057954	 	 	0.0	2.556540395244971	10.617069866885021	552.0328462801864	
2000-12-20	2.1078646026563788	10.45777037028286	10.589463198958729	552.0328462801864	0.6295693391160978	 	 	0.0	2.1078646026563788	10.589463198958729	551.4032769410703	
2000-12-21	6.609573200725496	10.42587538965813	10.561079913551513	551.4032769410703	0.6320991691611432	 	 	0.0	6.609573200725496	10.561079913551513	550.7711777719092	
2000-12-22	1.8652242729975999	10.393257578963134	10.531927400224575	550.7711777719092	0.8418484794574056	 	 	0.0	1.8652242729975999	10.531927400224575	549.9293292924517	
2000-12-23	5.718497665662071	10.359926550816397	10.502001496840347	549.9293292924517	0.7396567081556877	 	 	0.0	5.718497665662071	10.502001496840347	549.189672584296	
2000-12-24	4.5318437959571165	10.325892128024906	10.471318016497005	549.189672584296	0.6787733381507058	 	 	0.0	4.5318437959571165	10.471318016497005	548.5108992461453	
2000-12-25	2.6506548255989073	10.291164340689273	10.43988977009033	548.5108992461453	0.7374749626077549	 	 	0.0	2.6506548255989073	10.43988977009033	547.7734242835376	
2000-12-26	3.803692007002891	10.255753423247823	10.407721984465002	547.7734242835376	0.6647012344141849	 	 	0.0	3.803692007002891	10.407721984465002	547.1087230491233	
2000-12-27	3.9938174386290437	10.21966981146046	10.374828956213218	547.1087230491233	0.544573283364581	 	 	0.0	3.9938174386290437	10.374828956213218	546.5641497657588	
2000-12-28	5.685876679892232	10.182924139333199	10.341227792220163	546.5641497657588	0.5718578689492363	 	 	0.0	5.685876679892232	10.341227792220163	545.9922918968095	
2000-12-29	4.5760580408215805	10.145527235984279	10.306925225201004	545.9922918968095	0.8017816902740518	 	 	0.0	4.5760580408215805	10.306925225201004	545.1905102065355	
2000-12-30	4.790693625939364	10.107490122452763	10.271914848236648	545.1905102065355	0.7818673198695816	 	 	0.0	4.790693625939364	10.271914848236648	544.4086428866659	
2000-12-31	6.3772273430268	10.068824008450601	10.236209768969351	544.4086428866659	0.7427029548883125	 	 	0.0	6.3772273430268	10.236209768969351	543.6659399317776	